20 39
59 13
57 36
35 35
18 29
35 29
51 31
38 39
13 23
22 16
37 29
54 20
14 38
51 14
18 20
42 15
48 13
10 31
60 39
15 35
56 12
28 25
31 38
38 12
18 39
12 118
12 115
39 97
58 104
52 116
21 74
24 88
21 119
20 71
60 104
29 104
38 71
25 74
27 103
49 80
21 73
50 103
30 74
21 85
58 93
41 79
11 88
47 107
47 117
59 83
43 72
50 88
48 112
11 70
38 77
46 80
48 71
42 78
58 79
36 109
113 30
102 22
110 32
104 28
104 27
104 36
114 33
119 15
83 32
89 21
103 11
90 28
96 38
93 21
88 15
112 62
78 91
117 62
108 87
80 74
91 57
116 56
118 56
117 97
115 117
90 70
110 104
73 78
96 85
100 58
83 57
105 109
97 106
102 65
91 118
80 78
102 115
94 84
103 80
71 113